{"sum": [[0.0, 70.50000000000004, 137.70000000000002, 106.00000000000007, 24.900000000000023, 21.700000000000006, 24.600000000000026, 22.80000000000001, 29.60000000000001, 16.799999999999983, 27.800000000000026, 21.600000000000016, 88.70000000000002, 36.70000000000004, 74.50000000000006, 47.8, 26.500000000000014, 40.7, 17.89999999999999], [70.50000000000004, 0.0, 108.49999999999997, 168.70000000000016, 18.599999999999998, 21.200000000000017, 20.70000000000001, 21.40000000000002, 16.099999999999977, 20.299999999999997, 19.99999999999999, 19.09999999999999, 38.000000000000036, 57.500000000000014, 54.30000000000004, 52.00000000000002, 20.500000000000004, 31.800000000000036, 12.299999999999988], [137.70000000000002, 108.49999999999997, 0.0, 99.39999999999999, 26.70000000000003, 23.300000000000008, 27.60000000000002, 24.60000000000002, 28.100000000000023, 17.899999999999988, 30.70000000000002, 19.399999999999988, 73.00000000000003, 45.600000000000065, 86.00000000000003, 46.00000000000007, 28.20000000000003, 45.90000000000005, 18.399999999999984], [106.00000000000007, 168.70000000000016, 99.39999999999999, 0.0, 19.9, 21.6, 20.999999999999993, 22.100000000000012, 18.39999999999998, 18.699999999999992, 21.199999999999992, 18.699999999999996, 49.30000000000001, 51.70000000000001, 54.20000000000003, 54.800000000000004, 20.9, 30.600000000000026, 11.499999999999993], [24.900000000000023, 18.599999999999998, 26.70000000000003, 19.9, 0.0, 142.9999999999999, 185.70000000000024, 178.8000000000002, 17.699999999999978, 15.599999999999973, 19.09999999999999, 14.299999999999976, 22.999999999999996, 15.699999999999973, 24.100000000000012, 16.99999999999998, 20.90000000000001, 30.600000000000023, 8.499999999999991], [21.700000000000006, 21.200000000000017, 23.300000000000008, 21.6, 142.9999999999999, 0.0, 158.60000000000002, 177.89999999999998, 14.699999999999978, 16.09999999999997, 17.499999999999982, 13.899999999999977, 19.99999999999999, 19.799999999999997, 24.500000000000014, 17.699999999999978, 19.200000000000003, 29.30000000000003, 8.499999999999993], [24.600000000000026, 20.70000000000001, 27.60000000000002, 20.999999999999993, 185.70000000000024, 158.60000000000002, 0.0, 174.2, 17.89999999999998, 16.799999999999976, 20.599999999999998, 15.099999999999975, 23.200000000000003, 17.99999999999999, 26.70000000000003, 17.499999999999982, 20.40000000000001, 30.800000000000033, 8.299999999999994], [22.80000000000001, 21.40000000000002, 24.60000000000002, 22.100000000000012, 178.8000000000002, 177.89999999999998, 174.2, 0.0, 15.399999999999977, 15.89999999999997, 17.099999999999973, 14.399999999999977, 21.7, 17.399999999999984, 23.60000000000001, 17.799999999999983, 19.600000000000005, 28.800000000000022, 8.099999999999996], [29.60000000000001, 16.099999999999977, 28.100000000000023, 18.39999999999998, 17.699999999999978, 14.699999999999978, 17.89999999999998, 15.399999999999977, 0.0, 64.40000000000003, 136.00000000000003, 106.60000000000001, 41.10000000000008, 14.199999999999983, 33.40000000000005, 18.599999999999994, 18.499999999999982, 38.70000000000003, 18.499999999999993], [16.799999999999983, 20.299999999999997, 17.899999999999988, 18.699999999999992, 15.599999999999973, 16.09999999999997, 16.799999999999976, 15.89999999999997, 64.40000000000003, 0.0, 102.30000000000003, 154.2000000000001, 20.099999999999984, 22.200000000000003, 24.100000000000005, 20.299999999999994, 14.799999999999976, 26.400000000000027, 11.999999999999988], [27.800000000000026, 19.99999999999999, 30.70000000000002, 21.199999999999992, 19.09999999999999, 17.499999999999982, 20.599999999999998, 17.099999999999973, 136.00000000000003, 102.30000000000003, 0.0, 91.09999999999995, 36.70000000000006, 18.099999999999994, 36.400000000000034, 19.8, 19.899999999999995, 40.20000000000004, 19.800000000000008], [21.600000000000016, 19.09999999999999, 19.399999999999988, 18.699999999999996, 14.299999999999976, 13.899999999999977, 15.099999999999975, 14.399999999999977, 106.60000000000001, 154.2000000000001, 91.09999999999995, 0.0, 25.20000000000002, 19.599999999999984, 24.399999999999995, 20.09999999999999, 14.899999999999977, 28.500000000000018, 11.899999999999986], [88.70000000000002, 38.000000000000036, 73.00000000000003, 49.30000000000001, 22.999999999999996, 19.99999999999999, 23.200000000000003, 21.7, 41.10000000000008, 20.099999999999984, 36.70000000000006, 25.20000000000002, 0.0, 54.200000000000045, 126.20000000000005, 101.90000000000005, 24.599999999999998, 42.20000000000006, 20.69999999999999], [36.70000000000004, 57.500000000000014, 45.600000000000065, 51.70000000000001, 15.699999999999973, 19.799999999999997, 17.99999999999999, 17.399999999999984, 14.199999999999983, 22.200000000000003, 18.099999999999994, 19.599999999999984, 54.200000000000045, 0.0, 101.80000000000001, 167.1000000000001, 18.199999999999996, 27.00000000000002, 11.299999999999997], [74.50000000000006, 54.30000000000004, 86.00000000000003, 54.20000000000003, 24.100000000000012, 24.500000000000014, 26.70000000000003, 23.60000000000001, 33.40000000000005, 24.100000000000005, 36.400000000000034, 24.399999999999995, 126.20000000000005, 101.80000000000001, 0.0, 85.70000000000002, 26.700000000000024, 45.200000000000024, 20.499999999999986], [47.8, 52.00000000000002, 46.00000000000007, 54.800000000000004, 16.99999999999998, 17.699999999999978, 17.499999999999982, 17.799999999999983, 18.599999999999994, 20.299999999999994, 19.8, 20.09999999999999, 101.90000000000005, 167.1000000000001, 85.70000000000002, 0.0, 17.399999999999988, 26.400000000000013, 12.299999999999992], [26.500000000000014, 20.500000000000004, 28.20000000000003, 20.9, 20.90000000000001, 19.200000000000003, 20.40000000000001, 19.600000000000005, 18.499999999999982, 14.799999999999976, 19.899999999999995, 14.899999999999977, 24.599999999999998, 18.199999999999996, 26.700000000000024, 17.399999999999988, 0.0, 45.60000000000007, 19.099999999999984], [40.7, 31.800000000000036, 45.90000000000005, 30.600000000000026, 30.600000000000023, 29.30000000000003, 30.800000000000033, 28.800000000000022, 38.70000000000003, 26.400000000000027, 40.20000000000004, 28.500000000000018, 42.20000000000006, 27.00000000000002, 45.200000000000024, 26.400000000000013, 45.60000000000007, 0.0, 45.5], [17.89999999999999, 12.299999999999988, 18.399999999999984, 11.499999999999993, 8.499999999999991, 8.499999999999993, 8.299999999999994, 8.099999999999996, 18.499999999999993, 11.999999999999988, 19.800000000000008, 11.899999999999986, 20.69999999999999, 11.299999999999997, 20.499999999999986, 12.299999999999992, 19.099999999999984, 45.5, 0.0]], "count": [[0.0, 234.0, 234.0, 234.0, 234.0, 234.0, 234.0, 234.0, 234.0, 234.0, 234.0, 234.0, 234.0, 234.0, 234.0, 234.0, 234.0, 234.0, 234.0], [234.0, 0.0, 234.0, 234.0, 234.0, 234.0, 234.0, 234.0, 234.0, 234.0, 234.0, 234.0, 234.0, 234.0, 234.0, 234.0, 234.0, 234.0, 234.0], [234.0, 234.0, 0.0, 234.0, 234.0, 234.0, 234.0, 234.0, 234.0, 234.0, 234.0, 234.0, 234.0, 234.0, 234.0, 234.0, 234.0, 234.0, 234.0], [234.0, 234.0, 234.0, 0.0, 234.0, 234.0, 234.0, 234.0, 234.0, 234.0, 234.0, 234.0, 234.0, 234.0, 234.0, 234.0, 234.0, 234.0, 234.0], [234.0, 234.0, 234.0, 234.0, 0.0, 234.0, 234.0, 234.0, 234.0, 234.0, 234.0, 234.0, 234.0, 234.0, 234.0, 234.0, 234.0, 234.0, 234.0], [234.0, 234.0, 234.0, 234.0, 234.0, 0.0, 234.0, 234.0, 234.0, 234.0, 234.0, 234.0, 234.0, 234.0, 234.0, 234.0, 234.0, 234.0, 234.0], [234.0, 234.0, 234.0, 234.0, 234.0, 234.0, 0.0, 234.0, 234.0, 234.0, 234.0, 234.0, 234.0, 234.0, 234.0, 234.0, 234.0, 234.0, 234.0], [234.0, 234.0, 234.0, 234.0, 234.0, 234.0, 234.0, 0.0, 234.0, 234.0, 234.0, 234.0, 234.0, 234.0, 234.0, 234.0, 234.0, 234.0, 234.0], [234.0, 234.0, 234.0, 234.0, 234.0, 234.0, 234.0, 234.0, 0.0, 234.0, 234.0, 234.0, 234.0, 234.0, 234.0, 234.0, 234.0, 234.0, 234.0], [234.0, 234.0, 234.0, 234.0, 234.0, 234.0, 234.0, 234.0, 234.0, 0.0, 234.0, 234.0, 234.0, 234.0, 234.0, 234.0, 234.0, 234.0, 234.0], [234.0, 234.0, 234.0, 234.0, 234.0, 234.0, 234.0, 234.0, 234.0, 234.0, 0.0, 234.0, 234.0, 234.0, 234.0, 234.0, 234.0, 234.0, 234.0], [234.0, 234.0, 234.0, 234.0, 234.0, 234.0, 234.0, 234.0, 234.0, 234.0, 234.0, 0.0, 234.0, 234.0, 234.0, 234.0, 234.0, 234.0, 234.0], [234.0, 234.0, 234.0, 234.0, 234.0, 234.0, 234.0, 234.0, 234.0, 234.0, 234.0, 234.0, 0.0, 234.0, 234.0, 234.0, 234.0, 234.0, 234.0], [234.0, 234.0, 234.0, 234.0, 234.0, 234.0, 234.0, 234.0, 234.0, 234.0, 234.0, 234.0, 234.0, 0.0, 234.0, 234.0, 234.0, 234.0, 234.0], [234.0, 234.0, 234.0, 234.0, 234.0, 234.0, 234.0, 234.0, 234.0, 234.0, 234.0, 234.0, 234.0, 234.0, 0.0, 234.0, 234.0, 234.0, 234.0], [234.0, 234.0, 234.0, 234.0, 234.0, 234.0, 234.0, 234.0, 234.0, 234.0, 234.0, 234.0, 234.0, 234.0, 234.0, 0.0, 234.0, 234.0, 234.0], [234.0, 234.0, 234.0, 234.0, 234.0, 234.0, 234.0, 234.0, 234.0, 234.0, 234.0, 234.0, 234.0, 234.0, 234.0, 234.0, 0.0, 234.0, 234.0], [234.0, 234.0, 234.0, 234.0, 234.0, 234.0, 234.0, 234.0, 234.0, 234.0, 234.0, 234.0, 234.0, 234.0, 234.0, 234.0, 234.0, 0.0, 234.0], [234.0, 234.0, 234.0, 234.0, 234.0, 234.0, 234.0, 234.0, 234.0, 234.0, 234.0, 234.0, 234.0, 234.0, 234.0, 234.0, 234.0, 234.0, 0.0]], "mean": [[0.0, 0.3012820512820515, 0.5884615384615385, 0.45299145299145327, 0.1064102564102565, 0.09273504273504277, 0.10512820512820524, 0.09743589743589748, 0.12649572649572655, 0.07179487179487172, 0.11880341880341891, 0.09230769230769237, 0.37905982905982916, 0.156837606837607, 0.31837606837606863, 0.20427350427350427, 0.1132478632478633, 0.17393162393162395, 0.07649572649572646], [0.3012820512820515, 0.0, 0.4636752136752135, 0.7209401709401716, 0.07948717948717948, 0.09059829059829066, 0.08846153846153851, 0.09145299145299154, 0.0688034188034187, 0.08675213675213674, 0.08547008547008543, 0.08162393162393158, 0.16239316239316254, 0.2457264957264958, 0.23205128205128223, 0.22222222222222232, 0.08760683760683763, 0.13589743589743605, 0.052564102564102516], [0.5884615384615385, 0.4636752136752135, 0.0, 0.4247863247863248, 0.11410256410256424, 0.09957264957264961, 0.11794871794871803, 0.10512820512820521, 0.12008547008547019, 0.07649572649572645, 0.13119658119658129, 0.08290598290598286, 0.3119658119658121, 0.19487179487179515, 0.36752136752136766, 0.19658119658119688, 0.12051282051282064, 0.19615384615384637, 0.07863247863247856], [0.45299145299145327, 0.7209401709401716, 0.4247863247863248, 0.0, 0.08504273504273503, 0.09230769230769231, 0.08974358974358972, 0.0944444444444445, 0.07863247863247855, 0.07991452991452988, 0.09059829059829057, 0.0799145299145299, 0.21068376068376074, 0.220940170940171, 0.23162393162393174, 0.23418803418803422, 0.0893162393162393, 0.1307692307692309, 0.049145299145299116], [0.1064102564102565, 0.07948717948717948, 0.11410256410256424, 0.08504273504273503, 0.0, 0.6111111111111106, 0.7935897435897447, 0.764102564102565, 0.07564102564102555, 0.06666666666666655, 0.08162393162393158, 0.061111111111111005, 0.09829059829059827, 0.06709401709401698, 0.10299145299145304, 0.07264957264957256, 0.08931623931623936, 0.13076923076923086, 0.036324786324786286], [0.09273504273504277, 0.09059829059829066, 0.09957264957264961, 0.09230769230769231, 0.6111111111111106, 0.0, 0.6777777777777779, 0.7602564102564101, 0.06282051282051272, 0.06880341880341867, 0.07478632478632471, 0.0594017094017093, 0.08547008547008543, 0.0846153846153846, 0.10470085470085476, 0.07564102564102555, 0.08205128205128207, 0.12521367521367535, 0.03632478632478629], [0.10512820512820524, 0.08846153846153851, 0.11794871794871803, 0.08974358974358972, 0.7935897435897447, 0.6777777777777779, 0.0, 0.7444444444444444, 0.07649572649572642, 0.07179487179487169, 0.08803418803418803, 0.06452991452991443, 0.09914529914529915, 0.07692307692307687, 0.11410256410256424, 0.07478632478632471, 0.08717948717948722, 0.13162393162393177, 0.03547008547008544], [0.09743589743589748, 0.09145299145299154, 0.10512820512820521, 0.0944444444444445, 0.764102564102565, 0.7602564102564101, 0.7444444444444444, 0.0, 0.06581196581196572, 0.06794871794871782, 0.07307692307692296, 0.061538461538461445, 0.09273504273504274, 0.07435897435897429, 0.10085470085470088, 0.07606837606837599, 0.08376068376068378, 0.12307692307692317, 0.034615384615384596], [0.12649572649572655, 0.0688034188034187, 0.12008547008547019, 0.07863247863247855, 0.07564102564102555, 0.06282051282051272, 0.07649572649572642, 0.06581196581196572, 0.0, 0.27521367521367535, 0.5811965811965814, 0.4555555555555556, 0.175641025641026, 0.060683760683760614, 0.14273504273504295, 0.07948717948717947, 0.07905982905982899, 0.16538461538461552, 0.07905982905982903], [0.07179487179487172, 0.08675213675213674, 0.07649572649572645, 0.07991452991452988, 0.06666666666666655, 0.06880341880341867, 0.07179487179487169, 0.06794871794871782, 0.27521367521367535, 0.0, 0.4371794871794873, 0.6589743589743594, 0.08589743589743583, 0.09487179487179488, 0.10299145299145301, 0.08675213675213672, 0.06324786324786315, 0.11282051282051293, 0.05128205128205123], [0.11880341880341891, 0.08547008547008543, 0.13119658119658129, 0.09059829059829057, 0.08162393162393158, 0.07478632478632471, 0.08803418803418803, 0.07307692307692296, 0.5811965811965814, 0.4371794871794873, 0.0, 0.3893162393162391, 0.15683760683760709, 0.07735042735042733, 0.1555555555555557, 0.08461538461538462, 0.08504273504273502, 0.17179487179487196, 0.08461538461538465], [0.09230769230769237, 0.08162393162393158, 0.08290598290598286, 0.0799145299145299, 0.061111111111111005, 0.0594017094017093, 0.06452991452991443, 0.061538461538461445, 0.4555555555555556, 0.6589743589743594, 0.3893162393162391, 0.0, 0.10769230769230778, 0.08376068376068369, 0.10427350427350425, 0.08589743589743586, 0.06367521367521357, 0.12179487179487188, 0.0508547008547008], [0.37905982905982916, 0.16239316239316254, 0.3119658119658121, 0.21068376068376074, 0.09829059829059827, 0.08547008547008543, 0.09914529914529915, 0.09273504273504274, 0.175641025641026, 0.08589743589743583, 0.15683760683760709, 0.10769230769230778, 0.0, 0.23162393162393183, 0.5393162393162395, 0.4354700854700857, 0.10512820512820512, 0.1803418803418806, 0.08846153846153841], [0.156837606837607, 0.2457264957264958, 0.19487179487179515, 0.220940170940171, 0.06709401709401698, 0.0846153846153846, 0.07692307692307687, 0.07435897435897429, 0.060683760683760614, 0.09487179487179488, 0.07735042735042733, 0.08376068376068369, 0.23162393162393183, 0.0, 0.4350427350427351, 0.7141025641025646, 0.07777777777777777, 0.11538461538461547, 0.04829059829059828], [0.31837606837606863, 0.23205128205128223, 0.36752136752136766, 0.23162393162393174, 0.10299145299145304, 0.10470085470085476, 0.11410256410256424, 0.10085470085470088, 0.14273504273504295, 0.10299145299145301, 0.1555555555555557, 0.10427350427350425, 0.5393162393162395, 0.4350427350427351, 0.0, 0.3662393162393163, 0.11410256410256421, 0.19316239316239325, 0.08760683760683755], [0.20427350427350427, 0.22222222222222232, 0.19658119658119688, 0.23418803418803422, 0.07264957264957256, 0.07564102564102555, 0.07478632478632471, 0.07606837606837599, 0.07948717948717947, 0.08675213675213672, 0.08461538461538462, 0.08589743589743586, 0.4354700854700857, 0.7141025641025646, 0.3662393162393163, 0.0, 0.0743589743589743, 0.11282051282051288, 0.05256410256410253], [0.1132478632478633, 0.08760683760683763, 0.12051282051282064, 0.0893162393162393, 0.08931623931623936, 0.08205128205128207, 0.08717948717948722, 0.08376068376068378, 0.07905982905982899, 0.06324786324786315, 0.08504273504273502, 0.06367521367521357, 0.10512820512820512, 0.07777777777777777, 0.11410256410256421, 0.0743589743589743, 0.0, 0.19487179487179518, 0.08162393162393156], [0.17393162393162395, 0.13589743589743605, 0.19615384615384637, 0.1307692307692309, 0.13076923076923086, 0.12521367521367535, 0.13162393162393177, 0.12307692307692317, 0.16538461538461552, 0.11282051282051293, 0.17179487179487196, 0.12179487179487188, 0.1803418803418806, 0.11538461538461547, 0.19316239316239325, 0.11282051282051288, 0.19487179487179518, 0.0, 0.19444444444444445], [0.07649572649572646, 0.052564102564102516, 0.07863247863247856, 0.049145299145299116, 0.036324786324786286, 0.03632478632478629, 0.03547008547008544, 0.034615384615384596, 0.07905982905982903, 0.05128205128205123, 0.08461538461538465, 0.0508547008547008, 0.08846153846153841, 0.04829059829059828, 0.08760683760683755, 0.05256410256410253, 0.08162393162393156, 0.19444444444444445, 0.0]]}