{"sum": [[0.0, 18170.57879999985, 18290.427599999904, 18203.630999999867, 14725.639700001564, 18219.859599999887, 18305.18629999993, 18239.97149999989, 2282.462800000164, 18149.172199999808, 18292.54439999991, 18208.276199999877, 12378.502600001168, 18158.58259999984, 18307.773599999953, 18198.749499999823, 16129.38349999983, 7725.825500000012, 7705.421000000058, 7709.41880000005, 7561.959400000108, 7557.9498000000485, 7466.2047000001585, 7299.3138000001145], [18170.57879999985, 0.0, 18282.0187999999, 17471.571499999714, 18195.56889999989, 11712.305300001019, 18300.305699999943, 17325.681299999756, 18175.106399999855, 13770.903100001613, 18284.42959999991, 17488.982199999726, 18139.46969999983, 5548.851699999459, 18326.354400000004, 17334.814299999714, 16117.089799999812, 7722.944000000018, 7709.008600000052, 7706.53770000005, 7499.974300000194, 7558.714200000053, 7500.842900000116, 7289.550800000124], [18290.427599999904, 18282.0187999999, 0.0, 18255.674699999876, 18311.713199999944, 18297.248099999906, 13254.507500001979, 18284.37049999992, 18294.367199999924, 18273.72799999987, 1972.9269000002314, 18259.43819999988, 18287.957999999893, 18275.903299999896, 17962.106199999464, 18254.557599999876, 16156.550299999828, 7727.589600000009, 7721.298000000026, 7721.709200000023, 7580.776400000073, 7533.487900000107, 7543.7715000000435, 7324.4822000000695], [18203.630999999867, 17471.571499999714, 18255.674699999876, 0.0, 18264.903799999916, 17551.647799999824, 18283.0177999999, 11865.656100001193, 18209.452299999884, 16961.663599999865, 18259.67329999988, 1680.9174000001888, 18207.100899999852, 17363.595399999693, 18298.130399999933, 9067.938399999954, 16007.416699999685, 7716.358500000034, 7689.662400000095, 7686.191200000096, 7349.41920000041, 7537.662400000096, 7500.020400000123, 7237.093200000214], [14725.639700001564, 18195.56889999989, 18311.713199999944, 18264.903799999916, 0.0, 18219.740799999876, 18297.365999999944, 18236.384799999898, 13981.324500001514, 18212.151399999922, 18308.714399999935, 18260.023399999922, 15770.900100000556, 18200.332399999883, 18326.707200000004, 18254.25889999994, 16161.548199999896, 7728.412700000007, 7717.652100000031, 7719.4155000000255, 7591.7128000000375, 7569.945000000022, 7516.423000000069, 7325.187600000064], [18219.859599999887, 11712.305300001019, 18297.248099999906, 17551.647799999824, 18219.740799999876, 0.0, 18298.894599999934, 17229.536099999932, 18220.91799999989, 13225.710800001223, 18297.07169999992, 17538.64559999985, 18198.924699999887, 14351.112200001438, 18322.238399999984, 17508.5972999999, 16147.669799999841, 7725.178500000014, 7715.358900000035, 7714.2997000000305, 7549.722900000117, 7563.770700000036, 7528.540600000068, 7310.427100000094], [18305.18629999993, 18300.305699999943, 13254.507500001979, 18283.0177999999, 18297.365999999944, 18298.894599999934, 0.0, 18281.666099999908, 18303.12829999993, 18291.779799999924, 12751.615100001753, 18280.1366999999, 18304.42199999996, 18299.070999999934, 17783.597299999332, 18283.253399999914, 16169.604499999867, 7728.3540000000075, 7723.473600000018, 7723.061600000017, 7594.653000000039, 7547.835600000075, 7551.356700000023, 7332.773600000051], [18239.97149999989, 17325.681299999756, 18284.37049999992, 11865.656100001193, 18236.384799999898, 17229.536099999932, 18281.666099999908, 0.0, 18237.443199999885, 17248.212399999786, 18282.37139999992, 11340.874700000997, 18223.447099999856, 17318.28129999973, 18313.829999999958, 10579.796500000564, 16086.745199999747, 7723.238300000016, 7705.18560000006, 7705.184900000056, 7479.328800000219, 7555.303300000058, 7519.190700000083, 7280.375700000136], [2282.462800000164, 18175.106399999855, 18294.367199999924, 18209.452299999884, 13981.324500001514, 18220.91799999989, 18303.12829999993, 18237.443199999885, 0.0, 18153.935099999813, 18293.426399999917, 18209.21709999988, 12757.925500001204, 18164.698099999834, 18311.830799999963, 18205.39399999984, 16131.029899999841, 7725.8843000000115, 7705.832600000057, 7709.65400000005, 7563.899800000105, 7558.420200000047, 7469.850600000153, 7299.902000000114], [18149.172199999808, 13770.903100001613, 18273.72799999987, 16961.663599999865, 18212.151399999922, 13225.710800001223, 18291.779799999924, 17248.212399999786, 18153.935099999813, 0.0, 18275.66829999988, 16976.423499999837, 18157.464699999855, 13331.04690000167, 18308.831999999962, 17122.24489999979, 16057.754899999713, 7720.062900000026, 7695.77820000008, 7696.070600000074, 7433.462300000301, 7546.542200000079, 7492.316900000133, 7255.386000000192], [18292.54439999991, 18284.42959999991, 1972.9269000002314, 18259.67329999988, 18308.714399999935, 18297.07169999992, 12751.615100001753, 18282.37139999992, 18293.426399999917, 18275.66829999988, 0.0, 18260.378999999888, 18290.8979999999, 18280.078099999904, 17981.101599999485, 18259.026599999874, 16156.844299999833, 7727.53080000001, 7721.121600000026, 7721.709200000023, 7582.011200000069, 7533.546600000108, 7544.477100000042, 7324.776300000069], [18208.276199999877, 17488.982199999726, 18259.43819999988, 1680.9174000001888, 18260.023399999922, 17538.64559999985, 18280.1366999999, 11340.874700000997, 18209.21709999988, 16976.423499999837, 18260.378999999888, 0.0, 18213.15759999986, 17391.828399999686, 18301.070399999942, 9412.706400000108, 16011.062799999674, 7716.7701000000325, 7690.132800000093, 7687.073300000094, 7356.299200000399, 7537.956300000094, 7501.137600000123, 7237.798900000214], [12378.502600001168, 18139.46969999983, 18287.957999999893, 18207.100899999852, 15770.900100000556, 18198.924699999887, 18304.42199999996, 18223.447099999856, 12757.925500001204, 18157.464699999855, 18290.8979999999, 18213.15759999986, 0.0, 18126.70939999981, 18318.592799999973, 18192.162299999807, 16138.965899999848, 7727.295400000008, 7706.243300000052, 7711.300800000047, 7564.370100000098, 7562.653600000037, 7454.970700000173, 7307.134100000097], [18158.58259999984, 5548.851699999459, 18275.903299999896, 17363.595399999693, 18200.332399999883, 14351.112200001438, 18299.070999999934, 17318.28129999973, 18164.698099999834, 13331.04690000167, 18280.078099999904, 17391.828399999686, 18126.70939999981, 0.0, 18324.943199999994, 17193.659299999734, 16094.331899999803, 7721.826800000021, 7704.069400000065, 7702.598000000061, 7466.455500000257, 7553.892500000064, 7489.023100000139, 7276.436400000144], [18307.773599999953, 18326.354400000004, 17962.106199999464, 18298.130399999933, 18326.707200000004, 18322.238399999984, 17783.597299999332, 18313.829999999958, 18311.830799999963, 18308.831999999962, 17981.101599999485, 18301.070399999942, 18318.592799999973, 18324.943199999994, 0.0, 18301.30549999994, 16200.889399999913, 7728.9420000000055, 7719.35760000003, 7724.178800000015, 7599.828000000026, 7569.651200000027, 7551.886000000023, 7345.710400000029], [18198.749499999823, 17334.814299999714, 18254.557599999876, 9067.938399999954, 18254.25889999994, 17508.5972999999, 18283.253399999914, 10579.796500000564, 18205.39399999984, 17122.24489999979, 18259.026599999874, 9412.706400000108, 18192.162299999807, 17193.659299999734, 18301.30549999994, 0.0, 16020.587199999723, 7717.652100000032, 7693.4845000000905, 7692.247700000085, 7375.82290000036, 7539.014500000091, 7496.315900000128, 7247.324600000183], [16129.38349999983, 16117.089799999812, 16156.550299999828, 16007.416699999685, 16161.548199999896, 16147.669799999841, 16169.604499999867, 16086.745199999747, 16131.029899999841, 16057.754899999713, 16156.844299999833, 16011.062799999674, 16138.965899999848, 16094.331899999803, 16200.889399999913, 16020.587199999723, 0.0, 7463.041700000265, 7184.1366000004955, 7281.189500000473, 7439.574000000283, 7535.486700000094, 7491.550900000126, 6204.890100000406], [7725.825500000012, 7722.944000000018, 7727.589600000009, 7716.358500000034, 7728.412700000007, 7725.178500000014, 7728.3540000000075, 7723.238300000016, 7725.8843000000115, 7720.062900000026, 7727.53080000001, 7716.7701000000325, 7727.295400000008, 7721.826800000021, 7728.9420000000055, 7717.652100000032, 7463.041700000265, 0.0, 4616.184800000032, 5579.96500000012, 7594.418000000036, 7572.767500000017, 7542.827100000025, 7225.856600000205], [7705.421000000058, 7709.008600000052, 7721.298000000026, 7689.662400000095, 7717.652100000031, 7715.358900000035, 7723.473600000018, 7705.18560000006, 7705.832600000057, 7695.77820000008, 7721.121600000026, 7690.132800000093, 7706.243300000052, 7704.069400000065, 7719.35760000003, 7693.4845000000905, 7184.1366000004955, 4616.184800000032, 0.0, 3876.2946000000015, 7549.375300000133, 7561.830700000042, 7521.483100000074, 6987.713400000403], [7709.41880000005, 7706.53770000005, 7721.709200000023, 7686.191200000096, 7719.4155000000255, 7714.2997000000305, 7723.061600000017, 7705.184900000056, 7709.65400000005, 7696.070600000074, 7721.709200000023, 7687.073300000094, 7711.300800000047, 7702.598000000061, 7724.178800000015, 7692.247700000085, 7281.189500000473, 5579.96500000012, 3876.2946000000015, 0.0, 7562.605900000104, 7562.300900000042, 7536.303200000052, 7044.179800000373], [7561.959400000108, 7499.974300000194, 7580.776400000073, 7349.41920000041, 7591.7128000000375, 7549.722900000117, 7594.653000000039, 7479.328800000219, 7563.899800000105, 7433.462300000301, 7582.011200000069, 7356.299200000399, 7564.370100000098, 7466.455500000257, 7599.828000000026, 7375.82290000036, 7439.574000000283, 7594.418000000036, 7549.375300000133, 7562.605900000104, 0.0, 7529.90010000011, 7469.854800000183, 7183.167000000291], [7557.9498000000485, 7558.714200000053, 7533.487900000107, 7537.662400000096, 7569.945000000022, 7563.770700000036, 7547.835600000075, 7555.303300000058, 7558.420200000047, 7546.542200000079, 7533.546600000108, 7537.956300000094, 7562.653600000037, 7553.892500000064, 7569.651200000027, 7539.014500000091, 7535.486700000094, 7572.767500000017, 7561.830700000042, 7562.300900000042, 7529.90010000011, 0.0, 7534.95130000006, 7299.138200000124], [7466.2047000001585, 7500.842900000116, 7543.7715000000435, 7500.020400000123, 7516.423000000069, 7528.540600000068, 7551.356700000023, 7519.190700000083, 7469.850600000153, 7492.316900000133, 7544.477100000042, 7501.137600000123, 7454.970700000173, 7489.023100000139, 7551.886000000023, 7496.315900000128, 7491.550900000126, 7542.827100000025, 7521.483100000074, 7536.303200000052, 7469.854800000183, 7534.95130000006, 0.0, 7290.19830000013], [7299.3138000001145, 7289.550800000124, 7324.4822000000695, 7237.093200000214, 7325.187600000064, 7310.427100000094, 7332.773600000051, 7280.375700000136, 7299.902000000114, 7255.386000000192, 7324.776300000069, 7237.798900000214, 7307.134100000097, 7276.436400000144, 7345.710400000029, 7247.324600000183, 6204.890100000406, 7225.856600000205, 6987.713400000403, 7044.179800000373, 7183.167000000291, 7299.138200000124, 7290.19830000013, 0.0]], "count": [[0.0, 18330.0, 18330.0, 18330.0, 18330.0, 18330.0, 18330.0, 18330.0, 18330.0, 18330.0, 18330.0, 18330.0, 18330.0, 18330.0, 18330.0, 18330.0, 16219.0, 7731.0, 7731.0, 7730.0, 7611.0, 7580.0, 7561.0, 7357.0], [18330.0, 0.0, 18330.0, 18330.0, 18330.0, 18330.0, 18330.0, 18330.0, 18330.0, 18330.0, 18330.0, 18330.0, 18330.0, 18330.0, 18330.0, 18330.0, 16219.0, 7731.0, 7731.0, 7730.0, 7611.0, 7580.0, 7561.0, 7357.0], [18330.0, 18330.0, 0.0, 18330.0, 18330.0, 18330.0, 18330.0, 18330.0, 18330.0, 18330.0, 18330.0, 18330.0, 18330.0, 18330.0, 18330.0, 18330.0, 16219.0, 7731.0, 7731.0, 7730.0, 7611.0, 7580.0, 7561.0, 7357.0], [18330.0, 18330.0, 18330.0, 0.0, 18330.0, 18330.0, 18330.0, 18330.0, 18330.0, 18330.0, 18330.0, 18330.0, 18330.0, 18330.0, 18330.0, 18330.0, 16219.0, 7731.0, 7731.0, 7730.0, 7611.0, 7580.0, 7561.0, 7357.0], [18330.0, 18330.0, 18330.0, 18330.0, 0.0, 18330.0, 18330.0, 18330.0, 18330.0, 18330.0, 18330.0, 18330.0, 18330.0, 18330.0, 18330.0, 18330.0, 16219.0, 7731.0, 7731.0, 7730.0, 7611.0, 7580.0, 7561.0, 7357.0], [18330.0, 18330.0, 18330.0, 18330.0, 18330.0, 0.0, 18330.0, 18330.0, 18330.0, 18330.0, 18330.0, 18330.0, 18330.0, 18330.0, 18330.0, 18330.0, 16219.0, 7731.0, 7731.0, 7730.0, 7611.0, 7580.0, 7561.0, 7357.0], [18330.0, 18330.0, 18330.0, 18330.0, 18330.0, 18330.0, 0.0, 18330.0, 18330.0, 18330.0, 18330.0, 18330.0, 18330.0, 18330.0, 18330.0, 18330.0, 16219.0, 7731.0, 7731.0, 7730.0, 7611.0, 7580.0, 7561.0, 7357.0], [18330.0, 18330.0, 18330.0, 18330.0, 18330.0, 18330.0, 18330.0, 0.0, 18330.0, 18330.0, 18330.0, 18330.0, 18330.0, 18330.0, 18330.0, 18330.0, 16219.0, 7731.0, 7731.0, 7730.0, 7611.0, 7580.0, 7561.0, 7357.0], [18330.0, 18330.0, 18330.0, 18330.0, 18330.0, 18330.0, 18330.0, 18330.0, 0.0, 18330.0, 18330.0, 18330.0, 18330.0, 18330.0, 18330.0, 18330.0, 16219.0, 7731.0, 7731.0, 7730.0, 7611.0, 7580.0, 7561.0, 7357.0], [18330.0, 18330.0, 18330.0, 18330.0, 18330.0, 18330.0, 18330.0, 18330.0, 18330.0, 0.0, 18330.0, 18330.0, 18330.0, 18330.0, 18330.0, 18330.0, 16219.0, 7731.0, 7731.0, 7730.0, 7611.0, 7580.0, 7561.0, 7357.0], [18330.0, 18330.0, 18330.0, 18330.0, 18330.0, 18330.0, 18330.0, 18330.0, 18330.0, 18330.0, 0.0, 18330.0, 18330.0, 18330.0, 18330.0, 18330.0, 16219.0, 7731.0, 7731.0, 7730.0, 7611.0, 7580.0, 7561.0, 7357.0], [18330.0, 18330.0, 18330.0, 18330.0, 18330.0, 18330.0, 18330.0, 18330.0, 18330.0, 18330.0, 18330.0, 0.0, 18330.0, 18330.0, 18330.0, 18330.0, 16219.0, 7731.0, 7731.0, 7730.0, 7611.0, 7580.0, 7561.0, 7357.0], [18330.0, 18330.0, 18330.0, 18330.0, 18330.0, 18330.0, 18330.0, 18330.0, 18330.0, 18330.0, 18330.0, 18330.0, 0.0, 18330.0, 18330.0, 18330.0, 16219.0, 7731.0, 7731.0, 7730.0, 7611.0, 7580.0, 7561.0, 7357.0], [18330.0, 18330.0, 18330.0, 18330.0, 18330.0, 18330.0, 18330.0, 18330.0, 18330.0, 18330.0, 18330.0, 18330.0, 18330.0, 0.0, 18330.0, 18330.0, 16219.0, 7731.0, 7731.0, 7730.0, 7611.0, 7580.0, 7561.0, 7357.0], [18330.0, 18330.0, 18330.0, 18330.0, 18330.0, 18330.0, 18330.0, 18330.0, 18330.0, 18330.0, 18330.0, 18330.0, 18330.0, 18330.0, 0.0, 18330.0, 16219.0, 7731.0, 7731.0, 7730.0, 7611.0, 7580.0, 7561.0, 7357.0], [18330.0, 18330.0, 18330.0, 18330.0, 18330.0, 18330.0, 18330.0, 18330.0, 18330.0, 18330.0, 18330.0, 18330.0, 18330.0, 18330.0, 18330.0, 0.0, 16219.0, 7731.0, 7731.0, 7730.0, 7611.0, 7580.0, 7561.0, 7357.0], [16219.0, 16219.0, 16219.0, 16219.0, 16219.0, 16219.0, 16219.0, 16219.0, 16219.0, 16219.0, 16219.0, 16219.0, 16219.0, 16219.0, 16219.0, 16219.0, 0.0, 7731.0, 7731.0, 7730.0, 7611.0, 7580.0, 7561.0, 7357.0], [7731.0, 7731.0, 7731.0, 7731.0, 7731.0, 7731.0, 7731.0, 7731.0, 7731.0, 7731.0, 7731.0, 7731.0, 7731.0, 7731.0, 7731.0, 7731.0, 7731.0, 0.0, 7731.0, 7730.0, 7611.0, 7580.0, 7561.0, 7357.0], [7731.0, 7731.0, 7731.0, 7731.0, 7731.0, 7731.0, 7731.0, 7731.0, 7731.0, 7731.0, 7731.0, 7731.0, 7731.0, 7731.0, 7731.0, 7731.0, 7731.0, 7731.0, 0.0, 7730.0, 7611.0, 7580.0, 7561.0, 7357.0], [7730.0, 7730.0, 7730.0, 7730.0, 7730.0, 7730.0, 7730.0, 7730.0, 7730.0, 7730.0, 7730.0, 7730.0, 7730.0, 7730.0, 7730.0, 7730.0, 7730.0, 7730.0, 7730.0, 0.0, 7611.0, 7580.0, 7561.0, 7357.0], [7611.0, 7611.0, 7611.0, 7611.0, 7611.0, 7611.0, 7611.0, 7611.0, 7611.0, 7611.0, 7611.0, 7611.0, 7611.0, 7611.0, 7611.0, 7611.0, 7611.0, 7611.0, 7611.0, 7611.0, 0.0, 7580.0, 7561.0, 7357.0], [7580.0, 7580.0, 7580.0, 7580.0, 7580.0, 7580.0, 7580.0, 7580.0, 7580.0, 7580.0, 7580.0, 7580.0, 7580.0, 7580.0, 7580.0, 7580.0, 7580.0, 7580.0, 7580.0, 7580.0, 7580.0, 0.0, 7561.0, 7357.0], [7561.0, 7561.0, 7561.0, 7561.0, 7561.0, 7561.0, 7561.0, 7561.0, 7561.0, 7561.0, 7561.0, 7561.0, 7561.0, 7561.0, 7561.0, 7561.0, 7561.0, 7561.0, 7561.0, 7561.0, 7561.0, 7561.0, 0.0, 7357.0], [7357.0, 7357.0, 7357.0, 7357.0, 7357.0, 7357.0, 7357.0, 7357.0, 7357.0, 7357.0, 7357.0, 7357.0, 7357.0, 7357.0, 7357.0, 7357.0, 7357.0, 7357.0, 7357.0, 7357.0, 7357.0, 7357.0, 7357.0, 0.0]], "mean": [[NaN, 0.9913027168576023, 0.9978411129296184, 0.9931058919803528, 0.8033627768686069, 0.9939912493180517, 0.9986462793235095, 0.9950884615384555, 0.12452061102019443, 0.9901348717948614, 0.997956595744676, 0.9933593126022846, 0.6753138352428351, 0.9906482596835702, 0.998787430441896, 0.9928395799236128, 0.9944745976940521, 0.9993306816711954, 0.9966913723968513, 0.9973374902975486, 0.9935566154250569, 0.9970910026385288, 0.9874625975400289, 0.9921590050292395], [0.9913027168576023, NaN, 0.9973823677032133, 0.9531681123840543, 0.9926660611020125, 0.6389691925805248, 0.998380016366609, 0.9452090180032601, 0.9915497217675862, 0.7512767648664274, 0.9975138897981402, 0.9541179596290085, 0.9896055482814965, 0.3027196781232656, 0.9998011129296238, 0.9457072722312992, 0.9937166163141878, 0.9989579614538893, 0.9971554262061896, 0.9969647736093208, 0.9854124687951903, 0.9971918469657062, 0.9920437640523894, 0.9908319695528237], [0.9978411129296184, 0.9973823677032133, NaN, 0.9959451554828083, 0.999002356792141, 0.9982132078559687, 0.723104609929186, 0.9975106655755549, 0.998056039279865, 0.9969300600109039, 0.10763376432079823, 0.9961504746317447, 0.9977063829787176, 0.9970487343153244, 0.9799294162574721, 0.9958842116748432, 0.9961495961526499, 0.9995588668994968, 0.9987450523864994, 0.9989274514877132, 0.996028958086989, 0.9938638390501461, 0.9977213992858145, 0.9955800190295052], [0.9931058919803528, 0.9531681123840543, 0.9959451554828083, NaN, 0.996448652482265, 0.9575367048554186, 0.9974368685215439, 0.6473353027823892, 0.9934234751772987, 0.9253498963447826, 0.9961633006001025, 0.09170307692308723, 0.9932951936715686, 0.9472774358974191, 0.9982613420621894, 0.49470476813965925, 0.9869546026265297, 0.9981061311602683, 0.9946530073729265, 0.9943326261319658, 0.9656312179740388, 0.9944145646438121, 0.9919349821452351, 0.983701671877153], [0.8033627768686069, 0.9926660611020125, 0.999002356792141, 0.996448652482265, NaN, 0.993984768139655, 0.9982196399345304, 0.9948927877795907, 0.762756382978806, 0.9935707255864661, 0.998838756137476, 0.9961824004364387, 0.8603873486088682, 0.9929259356246526, 0.9998203600654667, 0.9958679159847211, 0.9964577470867436, 0.9996653343681292, 0.9982734575087351, 0.9986307244501974, 0.9974658783339952, 0.9986734828496072, 0.9941043512762954, 0.9956759005029311], [0.9939912493180517, 0.6389691925805248, 0.9982132078559687, 0.9575367048554186, 0.993984768139655, NaN, 0.9983030332787743, 0.939963780687394, 0.9940489907255804, 0.7215335951991938, 0.998203584288048, 0.956827364975442, 0.9928491380250893, 0.7829302891435591, 0.9995765630114557, 0.9551880687397654, 0.9956020593131415, 0.9992469926270875, 0.9979768335273619, 0.9979689133247128, 0.9919488766259515, 0.9978589313984217, 0.9957069964290527, 0.9936695799918572], [0.9986462793235095, 0.998380016366609, 0.723104609929186, 0.9974368685215439, 0.9982196399345304, 0.9983030332787743, NaN, 0.9973631260229082, 0.9985340043644262, 0.9979148827059424, 0.6956691271141163, 0.9972796890343645, 0.998604582651389, 0.9983126568466958, 0.9701907965084197, 0.9974497217675894, 0.9969544669831597, 0.9996577415599545, 0.9990264648816477, 0.9991024062095754, 0.9978521876231822, 0.9957566754617513, 0.9987245999206484, 0.9967070273209259], [0.9950884615384555, 0.9452090180032601, 0.9975106655755549, 0.6473353027823892, 0.9948927877795907, 0.939963780687394, 0.9973631260229082, NaN, 0.9949505291871187, 0.9409826732132999, 0.9974016039279825, 0.6187056573923075, 0.9941869667212142, 0.9448053082378467, 0.999117839607199, 0.5771847517730805, 0.9918456871570224, 0.9989960289742615, 0.9966609235545285, 0.9967897671410163, 0.9826998817501273, 0.996741860158319, 0.9944704007406537, 0.9895848443659285], [0.12452061102019443, 0.9915497217675862, 0.998056039279865, 0.9934234751772987, 0.762756382978806, 0.9940489907255804, 0.9985340043644262, 0.9949505291871187, NaN, 0.9903947135842779, 0.9980047135842836, 0.9934106437534033, 0.6960133933443101, 0.9909818930714585, 0.9990087725040897, 0.9932020731041921, 0.9945761082680709, 0.9993382874143075, 0.9967446125986362, 0.9973679172056985, 0.9938115622126008, 0.997153060686022, 0.9879447956619697, 0.9922389560962503], [0.9901348717948614, 0.7512767648664274, 0.9969300600109039, 0.9253498963447826, 0.9935707255864661, 0.7215335951991938, 0.9979148827059424, 0.9409826732132999, 0.9903947135842779, NaN, 0.9970359138025031, 0.9261551282051194, 0.9905872722313068, 0.7272802454992727, 0.9988451718494251, 0.9341104691762024, 0.9900582588322161, 0.9985852929763325, 0.9954440822662113, 0.9956106856403718, 0.9766735382998688, 0.9955860422163693, 0.9909161354318388, 0.9861881201576991], [0.997956595744676, 0.9975138897981402, 0.10763376432079823, 0.9961633006001025, 0.998838756137476, 0.998203584288048, 0.6956691271141163, 0.9974016039279825, 0.9980047135842836, 0.9970359138025031, NaN, 0.9962018003273261, 0.9978667757774086, 0.9972764920894656, 0.9809657174031361, 0.9961280196399277, 0.9961677230408678, 0.9995512611563846, 0.9987222351571629, 0.9989274514877132, 0.9961911969517894, 0.9938715831134707, 0.9978147202751014, 0.9956199945630105], [0.9933593126022846, 0.9541179596290085, 0.9961504746317447, 0.09170307692308723, 0.9961824004364387, 0.956827364975442, 0.9972796890343645, 0.6187056573923075, 0.9934106437534033, 0.9261551282051194, 0.9962018003273261, NaN, 0.9936256192034839, 0.9488176977632126, 0.9984217348608807, 0.5135137152209551, 0.9871794068684675, 0.9981593713620531, 0.9947138533178235, 0.9944467399741389, 0.9665351727762973, 0.9944533377308832, 0.992082740378273, 0.9837975941280704], [0.6753138352428351, 0.9896055482814965, 0.9977063829787176, 0.9932951936715686, 0.8603873486088682, 0.9928491380250893, 0.998604582651389, 0.9941869667212142, 0.6960133933443101, 0.9905872722313068, 0.9978667757774086, 0.9936256192034839, NaN, 0.9889094053464162, 0.9993776759410787, 0.9924802127659469, 0.9950654109377797, 0.9995208123140613, 0.9967977363859852, 0.9975809573091912, 0.9938733543555509, 0.9977115567282371, 0.9859768152361027, 0.9932219790675678], [0.9906482596835702, 0.3027196781232656, 0.9970487343153244, 0.9472774358974191, 0.9929259356246526, 0.7829302891435591, 0.9983126568466958, 0.9448053082378467, 0.9909818930714585, 0.7272802454992727, 0.9972764920894656, 0.9488176977632126, 0.9889094053464162, NaN, 0.9997241243862517, 0.9380065084560684, 0.9923134533571615, 0.9988134523347588, 0.9965165437847711, 0.996455109961198, 0.981008474576305, 0.9965557387862881, 0.9904805052241951, 0.9890493951339057], [0.998787430441896, 0.9998011129296238, 0.9799294162574721, 0.9982613420621894, 0.9998203600654667, 0.9995765630114557, 0.9701907965084197, 0.999117839607199, 0.9990087725040897, 0.9988451718494251, 0.9809657174031361, 0.9984217348608807, 0.9993776759410787, 0.9997241243862517, NaN, 0.9984345608292384, 0.9988833713545787, 0.9997337989910756, 0.998494062863799, 0.9992469340232879, 0.9985321245565663, 0.9986347229551487, 0.9987946038883776, 0.9984654614652752], [0.9928395799236128, 0.9457072722312992, 0.9958842116748432, 0.49470476813965925, 0.9958679159847211, 0.9551880687397654, 0.9974497217675894, 0.5771847517730805, 0.9932020731041921, 0.9341104691762024, 0.9961280196399277, 0.5135137152209551, 0.9924802127659469, 0.9380065084560684, 0.9984345608292384, NaN, 0.9877666440594194, 0.9982734575087352, 0.9951473936101527, 0.9951161319534393, 0.9691003678886296, 0.9945929419525186, 0.9914450337257146, 0.9850923746092406], [0.9944745976940521, 0.9937166163141878, 0.9961495961526499, 0.9869546026265297, 0.9964577470867436, 0.9956020593131415, 0.9969544669831597, 0.9918456871570224, 0.9945761082680709, 0.9900582588322161, 0.9961677230408678, 0.9871794068684675, 0.9950654109377797, 0.9923134533571615, 0.9988833713545787, 0.9877666440594194, NaN, 0.9653397619971886, 0.929263562281787, 0.9419391332471505, 0.9774765471029147, 0.9941275329815428, 0.9908148260812228, 0.8433994970776684], [0.9993306816711954, 0.9989579614538893, 0.9995588668994968, 0.9981061311602683, 0.9996653343681292, 0.9992469926270875, 0.9996577415599545, 0.9989960289742615, 0.9993382874143075, 0.9985852929763325, 0.9995512611563846, 0.9981593713620531, 0.9995208123140613, 0.9988134523347588, 0.9997337989910756, 0.9982734575087352, 0.9653397619971886, NaN, 0.5971006079420556, 0.7218583441138577, 0.9978213112600232, 0.999045844327179, 0.9975964951725995, 0.982174337365802], [0.9966913723968513, 0.9971554262061896, 0.9987450523864994, 0.9946530073729265, 0.9982734575087351, 0.9979768335273619, 0.9990264648816477, 0.9966609235545285, 0.9967446125986362, 0.9954440822662113, 0.9987222351571629, 0.9947138533178235, 0.9967977363859852, 0.9965165437847711, 0.998494062863799, 0.9951473936101527, 0.929263562281787, 0.5971006079420556, NaN, 0.5014611384217337, 0.9919032058862348, 0.9976029947229608, 0.9947735881497254, 0.9498047301889906], [0.9973374902975486, 0.9969647736093208, 0.9989274514877132, 0.9943326261319658, 0.9986307244501974, 0.9979689133247128, 0.9991024062095754, 0.9967897671410163, 0.9973679172056985, 0.9956106856403718, 0.9989274514877132, 0.9944467399741389, 0.9975809573091912, 0.996455109961198, 0.9992469340232879, 0.9951161319534393, 0.9419391332471505, 0.7218583441138577, 0.5014611384217337, NaN, 0.9936415582709374, 0.9976650263852298, 0.996733659568847, 0.9574799238820678], [0.9935566154250569, 0.9854124687951903, 0.996028958086989, 0.9656312179740388, 0.9974658783339952, 0.9919488766259515, 0.9978521876231822, 0.9826998817501273, 0.9938115622126008, 0.9766735382998688, 0.9961911969517894, 0.9665351727762973, 0.9938733543555509, 0.981008474576305, 0.9985321245565663, 0.9691003678886296, 0.9774765471029147, 0.9978213112600232, 0.9919032058862348, 0.9936415582709374, NaN, 0.9933905145118879, 0.9879453511440528, 0.9763717547913948], [0.9970910026385288, 0.9971918469657062, 0.9938638390501461, 0.9944145646438121, 0.9986734828496072, 0.9978589313984217, 0.9957566754617513, 0.996741860158319, 0.997153060686022, 0.9955860422163693, 0.9938715831134707, 0.9944533377308832, 0.9977115567282371, 0.9965557387862881, 0.9986347229551487, 0.9945929419525186, 0.9941275329815428, 0.999045844327179, 0.9976029947229608, 0.9976650263852298, 0.9933905145118879, NaN, 0.9965548604682, 0.9921351366046112], [0.9874625975400289, 0.9920437640523894, 0.9977213992858145, 0.9919349821452351, 0.9941043512762954, 0.9957069964290527, 0.9987245999206484, 0.9944704007406537, 0.9879447956619697, 0.9909161354318388, 0.9978147202751014, 0.992082740378273, 0.9859768152361027, 0.9904805052241951, 0.9987946038883776, 0.9914450337257146, 0.9908148260812228, 0.9975964951725995, 0.9947735881497254, 0.996733659568847, 0.9879453511440528, 0.9965548604682, NaN, 0.9909199809705219], [0.9921590050292395, 0.9908319695528237, 0.9955800190295052, 0.983701671877153, 0.9956759005029311, 0.9936695799918572, 0.9967070273209259, 0.9895848443659285, 0.9922389560962503, 0.9861881201576991, 0.9956199945630105, 0.9837975941280704, 0.9932219790675678, 0.9890493951339057, 0.9984654614652752, 0.9850923746092406, 0.8433994970776684, 0.982174337365802, 0.9498047301889906, 0.9574799238820678, 0.9763717547913948, 0.9921351366046112, 0.9909199809705219, NaN]]}