{"sum": [[0.0, 18170.57879999985, 18290.427599999904, 18203.630999999867, 14725.639700001564, 18219.859599999887, 18305.18629999993, 18239.97149999989, 2282.462800000164, 18149.172199999808, 18292.54439999991, 18208.276199999877, 12378.502600001168, 18158.58259999984, 18307.773599999953, 18198.749499999823, 7675.959200000102, 7725.825500000012, 7705.421000000058, 7592.536200000047, 7531.429900000107, 7557.9498000000485, 7305.380700000153], [18170.57879999985, 0.0, 18282.0187999999, 17471.571499999714, 18195.56889999989, 11712.305300001019, 18300.305699999943, 17325.681299999756, 18175.106399999855, 13770.903100001613, 18284.42959999991, 17488.982199999726, 18139.46969999983, 5548.851699999459, 18326.354400000004, 17334.814299999714, 7668.724300000115, 7722.944000000018, 7709.008600000052, 7589.655000000049, 7469.562500000192, 7558.714200000053, 7340.371900000112], [18290.427599999904, 18282.0187999999, 0.0, 18255.674699999876, 18311.713199999944, 18297.248099999906, 13254.507500001979, 18284.37049999992, 18294.367199999924, 18273.72799999987, 1972.9269000002314, 18259.43819999988, 18287.957999999893, 18275.903299999896, 17962.106199999464, 18254.557599999876, 7706.6560000000545, 7727.589600000009, 7721.298000000026, 7604.297200000022, 7549.894000000073, 7533.487900000107, 7382.359500000041], [18203.630999999867, 17471.571499999714, 18255.674699999876, 0.0, 18264.903799999916, 17551.647799999824, 18283.0177999999, 11865.656100001193, 18209.452299999884, 16961.663599999865, 18259.67329999988, 1680.9174000001888, 18207.100899999852, 17363.595399999693, 18298.130399999933, 9067.938399999954, 7615.974300000202, 7716.358500000034, 7689.662400000095, 7570.36700000009, 7319.0072000004075, 7537.662400000096, 7340.960700000118], [14725.639700001564, 18195.56889999989, 18311.713199999944, 18264.903799999916, 0.0, 18219.740799999876, 18297.365999999944, 18236.384799999898, 13981.324500001514, 18212.151399999922, 18308.714399999935, 18260.023399999922, 15770.900100000556, 18200.332399999883, 18326.707200000004, 18254.25889999994, 7698.18680000006, 7728.412700000007, 7717.652100000031, 7602.297600000023, 7561.0657000000365, 7569.945000000022, 7354.893400000067], [18219.859599999887, 11712.305300001019, 18297.248099999906, 17551.647799999824, 18219.740799999876, 0.0, 18298.894599999934, 17229.536099999932, 18220.91799999989, 13225.710800001223, 18297.07169999992, 17538.64559999985, 18198.924699999887, 14351.112200001438, 18322.238399999984, 17508.5972999999, 7694.129000000073, 7725.178500000014, 7715.358900000035, 7597.769900000028, 7519.369900000117, 7563.770700000036, 7367.775400000064], [18305.18629999993, 18300.305699999943, 13254.507500001979, 18283.0177999999, 18297.365999999944, 18298.894599999934, 0.0, 18281.666099999908, 18303.12829999993, 18291.779799999924, 12751.615100001753, 18280.1366999999, 18304.42199999996, 18299.070999999934, 17783.597299999332, 18283.253399999914, 7713.594600000038, 7728.3540000000075, 7723.473600000018, 7605.590800000015, 7563.711800000039, 7547.835600000075, 7389.768300000022], [18239.97149999989, 17325.681299999756, 18284.37049999992, 11865.656100001193, 18236.384799999898, 17229.536099999932, 18281.666099999908, 0.0, 18237.443199999885, 17248.212399999786, 18282.37139999992, 11340.874700000997, 18223.447099999856, 17318.28129999973, 18313.829999999958, 10579.796500000564, 7656.255200000125, 7723.238300000016, 7705.18560000006, 7588.361000000053, 7448.740500000218, 7555.303300000058, 7359.131200000078], [2282.462800000164, 18175.106399999855, 18294.367199999924, 18209.452299999884, 13981.324500001514, 18220.91799999989, 18303.12829999993, 18237.443199999885, 0.0, 18153.935099999813, 18293.426399999917, 18209.21709999988, 12757.925500001204, 18164.698099999834, 18311.830799999963, 18205.39399999984, 7676.9000000001015, 7725.8843000000115, 7705.832600000057, 7592.712600000046, 7533.370300000103, 7558.420200000047, 7309.0266000001475], [18149.172199999808, 13770.903100001613, 18273.72799999987, 16961.663599999865, 18212.151399999922, 13225.710800001223, 18291.779799999924, 17248.212399999786, 18153.935099999813, 0.0, 18275.66829999988, 16976.423499999837, 18157.464699999855, 13331.04690000167, 18308.831999999962, 17122.24489999979, 7637.615000000167, 7720.062900000026, 7695.77820000008, 7580.422800000067, 7403.0505000003, 7546.542200000079, 7333.3162000001275], [18292.54439999991, 18284.42959999991, 1972.9269000002314, 18259.67329999988, 18308.714399999935, 18297.07169999992, 12751.615100001753, 18282.37139999992, 18293.426399999917, 18275.66829999988, 0.0, 18260.378999999888, 18290.8979999999, 18280.078099999904, 17981.101599999485, 18259.026599999874, 7707.008800000054, 7727.53080000001, 7721.121600000026, 7604.179600000021, 7551.1288000000695, 7533.546600000108, 7383.06510000004], [18208.276199999877, 17488.982199999726, 18259.43819999988, 1680.9174000001888, 18260.023399999922, 17538.64559999985, 18280.1366999999, 11340.874700000997, 18209.21709999988, 16976.423499999837, 18260.378999999888, 0.0, 18213.15759999986, 17391.828399999686, 18301.070399999942, 9412.706400000108, 7617.5622000001995, 7716.7701000000325, 7690.132800000093, 7571.131500000088, 7325.769600000398, 7537.956300000094, 7341.901500000116], [12378.502600001168, 18139.46969999983, 18287.957999999893, 18207.100899999852, 15770.900100000556, 18198.924699999887, 18304.42199999996, 18223.447099999856, 12757.925500001204, 18157.464699999855, 18290.8979999999, 18213.15759999986, 0.0, 18126.70939999981, 18318.592799999973, 18192.162299999807, 7680.603000000091, 7727.295400000008, 7706.243300000052, 7594.065300000044, 7533.664200000098, 7562.653600000037, 7293.852700000168], [18158.58259999984, 5548.851699999459, 18275.903299999896, 17363.595399999693, 18200.332399999883, 14351.112200001438, 18299.070999999934, 17318.28129999973, 18164.698099999834, 13331.04690000167, 18280.078099999904, 17391.828399999686, 18126.70939999981, 0.0, 18324.943199999994, 17193.659299999734, 7652.846300000136, 7721.826800000021, 7704.069400000065, 7585.832900000058, 7436.161300000257, 7553.892500000064, 7329.022500000134], [18307.773599999953, 18326.354400000004, 17962.106199999464, 18298.130399999933, 18326.707200000004, 18322.238399999984, 17783.597299999332, 18313.829999999958, 18311.830799999963, 18308.831999999962, 17981.101599999485, 18301.070399999942, 18318.592799999973, 18324.943199999994, 0.0, 18301.30549999994, 7722.121200000021, 7728.9420000000055, 7719.35760000003, 7606.237600000015, 7568.828000000026, 7569.651200000027, 7389.944800000023], [18198.749499999823, 17334.814299999714, 18254.557599999876, 9067.938399999954, 18254.25889999994, 17508.5972999999, 18283.253399999914, 10579.796500000564, 18205.39399999984, 17122.24489999979, 18259.026599999874, 9412.706400000108, 18192.162299999807, 17193.659299999734, 18301.30549999994, 0.0, 7619.500200000176, 7717.652100000032, 7693.4845000000905, 7575.894200000081, 7345.528600000358, 7539.014500000091, 7337.256200000121], [7675.959200000102, 7668.724300000115, 7706.6560000000545, 7615.974300000202, 7698.18680000006, 7694.129000000073, 7713.594600000038, 7656.255200000125, 7676.9000000001015, 7637.615000000167, 7707.008800000054, 7617.5622000001995, 7680.603000000091, 7652.846300000136, 7722.121200000021, 7619.500200000176, 0.0, 7463.041700000265, 7184.1366000004955, 7165.30650000046, 7412.750100000281, 7535.486700000094, 7336.314100000114], [7725.825500000012, 7722.944000000018, 7727.589600000009, 7716.358500000034, 7728.412700000007, 7725.178500000014, 7728.3540000000075, 7723.238300000016, 7725.8843000000115, 7720.062900000026, 7727.53080000001, 7716.7701000000325, 7727.295400000008, 7721.826800000021, 7728.9420000000055, 7717.652100000032, 7463.041700000265, 0.0, 4616.184800000032, 5462.611800000111, 7564.182600000036, 7572.767500000017, 7394.178400000013], [7705.421000000058, 7709.008600000052, 7721.298000000026, 7689.662400000095, 7717.652100000031, 7715.358900000035, 7723.473600000018, 7705.18560000006, 7705.832600000057, 7695.77820000008, 7721.121600000026, 7690.132800000093, 7706.243300000052, 7704.069400000065, 7719.35760000003, 7693.4845000000905, 7184.1366000004955, 4616.184800000032, 0.0, 3759.1179, 7518.551700000134, 7561.830700000042, 7371.77520000006], [7592.536200000047, 7589.655000000049, 7604.297200000022, 7570.36700000009, 7602.297600000023, 7597.769900000028, 7605.590800000015, 7588.361000000053, 7592.712600000046, 7580.422800000067, 7604.179600000021, 7571.131500000088, 7594.065300000044, 7585.832900000058, 7606.237600000015, 7575.894200000081, 7165.30650000046, 5462.611800000111, 3759.1179, 0.0, 7531.900000000103, 7562.300900000042, 7379.301800000044], [7531.429900000107, 7469.562500000192, 7549.894000000073, 7319.0072000004075, 7561.0657000000365, 7519.369900000117, 7563.711800000039, 7448.740500000218, 7533.370300000103, 7403.0505000003, 7551.1288000000695, 7325.769600000398, 7533.664200000098, 7436.161300000257, 7568.828000000026, 7345.528600000358, 7412.750100000281, 7564.182600000036, 7518.551700000134, 7531.900000000103, 0.0, 7529.90010000011, 7308.854400000177], [7557.9498000000485, 7558.714200000053, 7533.487900000107, 7537.662400000096, 7569.945000000022, 7563.770700000036, 7547.835600000075, 7555.303300000058, 7558.420200000047, 7546.542200000079, 7533.546600000108, 7537.956300000094, 7562.653600000037, 7553.892500000064, 7569.651200000027, 7539.014500000091, 7535.486700000094, 7572.767500000017, 7561.830700000042, 7562.300900000042, 7529.90010000011, 0.0, 7373.950900000057], [7305.380700000153, 7340.371900000112, 7382.359500000041, 7340.960700000118, 7354.893400000067, 7367.775400000064, 7389.768300000022, 7359.131200000078, 7309.0266000001475, 7333.3162000001275, 7383.06510000004, 7341.901500000116, 7293.852700000168, 7329.022500000134, 7389.944800000023, 7337.256200000121, 7336.314100000114, 7394.178400000013, 7371.77520000006, 7379.301800000044, 7308.854400000177, 7373.950900000057, 0.0]], "count": [[0.0, 18330.0, 18330.0, 18330.0, 18330.0, 18330.0, 18330.0, 18330.0, 18330.0, 18330.0, 18330.0, 18330.0, 18330.0, 18330.0, 18330.0, 18330.0, 7731.0, 7731.0, 7731.0, 7612.0, 7580.0, 7580.0, 7399.0], [18330.0, 0.0, 18330.0, 18330.0, 18330.0, 18330.0, 18330.0, 18330.0, 18330.0, 18330.0, 18330.0, 18330.0, 18330.0, 18330.0, 18330.0, 18330.0, 7731.0, 7731.0, 7731.0, 7612.0, 7580.0, 7580.0, 7399.0], [18330.0, 18330.0, 0.0, 18330.0, 18330.0, 18330.0, 18330.0, 18330.0, 18330.0, 18330.0, 18330.0, 18330.0, 18330.0, 18330.0, 18330.0, 18330.0, 7731.0, 7731.0, 7731.0, 7612.0, 7580.0, 7580.0, 7399.0], [18330.0, 18330.0, 18330.0, 0.0, 18330.0, 18330.0, 18330.0, 18330.0, 18330.0, 18330.0, 18330.0, 18330.0, 18330.0, 18330.0, 18330.0, 18330.0, 7731.0, 7731.0, 7731.0, 7612.0, 7580.0, 7580.0, 7399.0], [18330.0, 18330.0, 18330.0, 18330.0, 0.0, 18330.0, 18330.0, 18330.0, 18330.0, 18330.0, 18330.0, 18330.0, 18330.0, 18330.0, 18330.0, 18330.0, 7731.0, 7731.0, 7731.0, 7612.0, 7580.0, 7580.0, 7399.0], [18330.0, 18330.0, 18330.0, 18330.0, 18330.0, 0.0, 18330.0, 18330.0, 18330.0, 18330.0, 18330.0, 18330.0, 18330.0, 18330.0, 18330.0, 18330.0, 7731.0, 7731.0, 7731.0, 7612.0, 7580.0, 7580.0, 7399.0], [18330.0, 18330.0, 18330.0, 18330.0, 18330.0, 18330.0, 0.0, 18330.0, 18330.0, 18330.0, 18330.0, 18330.0, 18330.0, 18330.0, 18330.0, 18330.0, 7731.0, 7731.0, 7731.0, 7612.0, 7580.0, 7580.0, 7399.0], [18330.0, 18330.0, 18330.0, 18330.0, 18330.0, 18330.0, 18330.0, 0.0, 18330.0, 18330.0, 18330.0, 18330.0, 18330.0, 18330.0, 18330.0, 18330.0, 7731.0, 7731.0, 7731.0, 7612.0, 7580.0, 7580.0, 7399.0], [18330.0, 18330.0, 18330.0, 18330.0, 18330.0, 18330.0, 18330.0, 18330.0, 0.0, 18330.0, 18330.0, 18330.0, 18330.0, 18330.0, 18330.0, 18330.0, 7731.0, 7731.0, 7731.0, 7612.0, 7580.0, 7580.0, 7399.0], [18330.0, 18330.0, 18330.0, 18330.0, 18330.0, 18330.0, 18330.0, 18330.0, 18330.0, 0.0, 18330.0, 18330.0, 18330.0, 18330.0, 18330.0, 18330.0, 7731.0, 7731.0, 7731.0, 7612.0, 7580.0, 7580.0, 7399.0], [18330.0, 18330.0, 18330.0, 18330.0, 18330.0, 18330.0, 18330.0, 18330.0, 18330.0, 18330.0, 0.0, 18330.0, 18330.0, 18330.0, 18330.0, 18330.0, 7731.0, 7731.0, 7731.0, 7612.0, 7580.0, 7580.0, 7399.0], [18330.0, 18330.0, 18330.0, 18330.0, 18330.0, 18330.0, 18330.0, 18330.0, 18330.0, 18330.0, 18330.0, 0.0, 18330.0, 18330.0, 18330.0, 18330.0, 7731.0, 7731.0, 7731.0, 7612.0, 7580.0, 7580.0, 7399.0], [18330.0, 18330.0, 18330.0, 18330.0, 18330.0, 18330.0, 18330.0, 18330.0, 18330.0, 18330.0, 18330.0, 18330.0, 0.0, 18330.0, 18330.0, 18330.0, 7731.0, 7731.0, 7731.0, 7612.0, 7580.0, 7580.0, 7399.0], [18330.0, 18330.0, 18330.0, 18330.0, 18330.0, 18330.0, 18330.0, 18330.0, 18330.0, 18330.0, 18330.0, 18330.0, 18330.0, 0.0, 18330.0, 18330.0, 7731.0, 7731.0, 7731.0, 7612.0, 7580.0, 7580.0, 7399.0], [18330.0, 18330.0, 18330.0, 18330.0, 18330.0, 18330.0, 18330.0, 18330.0, 18330.0, 18330.0, 18330.0, 18330.0, 18330.0, 18330.0, 0.0, 18330.0, 7731.0, 7731.0, 7731.0, 7612.0, 7580.0, 7580.0, 7399.0], [18330.0, 18330.0, 18330.0, 18330.0, 18330.0, 18330.0, 18330.0, 18330.0, 18330.0, 18330.0, 18330.0, 18330.0, 18330.0, 18330.0, 18330.0, 0.0, 7731.0, 7731.0, 7731.0, 7612.0, 7580.0, 7580.0, 7399.0], [7731.0, 7731.0, 7731.0, 7731.0, 7731.0, 7731.0, 7731.0, 7731.0, 7731.0, 7731.0, 7731.0, 7731.0, 7731.0, 7731.0, 7731.0, 7731.0, 0.0, 7731.0, 7731.0, 7612.0, 7580.0, 7580.0, 7399.0], [7731.0, 7731.0, 7731.0, 7731.0, 7731.0, 7731.0, 7731.0, 7731.0, 7731.0, 7731.0, 7731.0, 7731.0, 7731.0, 7731.0, 7731.0, 7731.0, 7731.0, 0.0, 7731.0, 7612.0, 7580.0, 7580.0, 7399.0], [7731.0, 7731.0, 7731.0, 7731.0, 7731.0, 7731.0, 7731.0, 7731.0, 7731.0, 7731.0, 7731.0, 7731.0, 7731.0, 7731.0, 7731.0, 7731.0, 7731.0, 7731.0, 0.0, 7612.0, 7580.0, 7580.0, 7399.0], [7612.0, 7612.0, 7612.0, 7612.0, 7612.0, 7612.0, 7612.0, 7612.0, 7612.0, 7612.0, 7612.0, 7612.0, 7612.0, 7612.0, 7612.0, 7612.0, 7612.0, 7612.0, 7612.0, 0.0, 7580.0, 7580.0, 7399.0], [7580.0, 7580.0, 7580.0, 7580.0, 7580.0, 7580.0, 7580.0, 7580.0, 7580.0, 7580.0, 7580.0, 7580.0, 7580.0, 7580.0, 7580.0, 7580.0, 7580.0, 7580.0, 7580.0, 7580.0, 0.0, 7580.0, 7399.0], [7580.0, 7580.0, 7580.0, 7580.0, 7580.0, 7580.0, 7580.0, 7580.0, 7580.0, 7580.0, 7580.0, 7580.0, 7580.0, 7580.0, 7580.0, 7580.0, 7580.0, 7580.0, 7580.0, 7580.0, 7580.0, 0.0, 7399.0], [7399.0, 7399.0, 7399.0, 7399.0, 7399.0, 7399.0, 7399.0, 7399.0, 7399.0, 7399.0, 7399.0, 7399.0, 7399.0, 7399.0, 7399.0, 7399.0, 7399.0, 7399.0, 7399.0, 7399.0, 7399.0, 7399.0, 0.0]], "mean": [[NaN, 0.9913027168576023, 0.9978411129296184, 0.9931058919803528, 0.8033627768686069, 0.9939912493180517, 0.9986462793235095, 0.9950884615384555, 0.12452061102019443, 0.9901348717948614, 0.997956595744676, 0.9933593126022846, 0.6753138352428351, 0.9906482596835702, 0.998787430441896, 0.9928395799236128, 0.992880507049554, 0.9993306816711954, 0.9966913723968513, 0.9974430110352137, 0.9935923350923624, 0.9970910026385288, 0.9873470333829103], [0.9913027168576023, NaN, 0.9973823677032133, 0.9531681123840543, 0.9926660611020125, 0.6389691925805248, 0.998380016366609, 0.9452090180032601, 0.9915497217675862, 0.7512767648664274, 0.9975138897981402, 0.9541179596290085, 0.9896055482814965, 0.3027196781232656, 0.9998011129296238, 0.9457072722312992, 0.9919446772733301, 0.9989579614538893, 0.9971554262061896, 0.9970645034156659, 0.9854304089710015, 0.9971918469657062, 0.9920762130017722], [0.9978411129296184, 0.9973823677032133, NaN, 0.9959451554828083, 0.999002356792141, 0.9982132078559687, 0.723104609929186, 0.9975106655755549, 0.998056039279865, 0.9969300600109039, 0.10763376432079823, 0.9961504746317447, 0.9977063829787176, 0.9970487343153244, 0.9799294162574721, 0.9958842116748432, 0.9968511188720806, 0.9995588668994968, 0.9987450523864994, 0.998988071466109, 0.9960282321899833, 0.9938638390501461, 0.9977509798621491], [0.9931058919803528, 0.9531681123840543, 0.9959451554828083, NaN, 0.996448652482265, 0.9575367048554186, 0.9974368685215439, 0.6473353027823892, 0.9934234751772987, 0.9253498963447826, 0.9961633006001025, 0.09170307692308723, 0.9932951936715686, 0.9472774358974191, 0.9982613420621894, 0.49470476813965925, 0.9851214978657614, 0.9981061311602683, 0.9946530073729265, 0.9945306095638584, 0.9655682321900274, 0.9944145646438121, 0.9921557913231677], [0.8033627768686069, 0.9926660611020125, 0.999002356792141, 0.996448652482265, NaN, 0.993984768139655, 0.9982196399345304, 0.9948927877795907, 0.762756382978806, 0.9935707255864661, 0.998838756137476, 0.9961824004364387, 0.8603873486088682, 0.9929259356246526, 0.9998203600654667, 0.9958679159847211, 0.995755633165187, 0.9996653343681292, 0.9982734575087351, 0.998725380977407, 0.9975020712401104, 0.9986734828496072, 0.9940388430869127], [0.9939912493180517, 0.6389691925805248, 0.9982132078559687, 0.9575367048554186, 0.993984768139655, NaN, 0.9983030332787743, 0.939963780687394, 0.9940489907255804, 0.7215335951991938, 0.998203584288048, 0.956827364975442, 0.9928491380250893, 0.7829302891435591, 0.9995765630114557, 0.9551880687397654, 0.9952307592808269, 0.9992469926270875, 0.9979768335273619, 0.9981305701523947, 0.992001306068617, 0.9978589313984217, 0.9957798891742214], [0.9986462793235095, 0.998380016366609, 0.723104609929186, 0.9974368685215439, 0.9982196399345304, 0.9983030332787743, NaN, 0.9973631260229082, 0.9985340043644262, 0.9979148827059424, 0.6956691271141163, 0.9972796890343645, 0.998604582651389, 0.9983126568466958, 0.9701907965084197, 0.9974497217675894, 0.997748622429186, 0.9996577415599545, 0.9990264648816477, 0.99915801366264, 0.9978511609498733, 0.9957566754617513, 0.9987523043654577], [0.9950884615384555, 0.9452090180032601, 0.9975106655755549, 0.6473353027823892, 0.9948927877795907, 0.939963780687394, 0.9973631260229082, NaN, 0.9949505291871187, 0.9409826732132999, 0.9974016039279825, 0.6187056573923075, 0.9941869667212142, 0.9448053082378467, 0.999117839607199, 0.5771847517730805, 0.9903318070107522, 0.9989960289742615, 0.9966609235545285, 0.9968945086705271, 0.9826834432717966, 0.996741860158319, 0.9946115961616541], [0.12452061102019443, 0.9915497217675862, 0.998056039279865, 0.9934234751772987, 0.762756382978806, 0.9940489907255804, 0.9985340043644262, 0.9949505291871187, NaN, 0.9903947135842779, 0.9980047135842836, 0.9934106437534033, 0.6960133933443101, 0.9909818930714585, 0.9990087725040897, 0.9932020731041921, 0.9930021989393483, 0.9993382874143075, 0.9967446125986362, 0.9974661849711043, 0.9938483245382722, 0.997153060686022, 0.9878397891607174], [0.9901348717948614, 0.7512767648664274, 0.9969300600109039, 0.9253498963447826, 0.9935707255864661, 0.7215335951991938, 0.9979148827059424, 0.9409826732132999, 0.9903947135842779, NaN, 0.9970359138025031, 0.9261551282051194, 0.9905872722313068, 0.7272802454992727, 0.9988451718494251, 0.9341104691762024, 0.9879207088345837, 0.9985852929763325, 0.9954440822662113, 0.9958516552811438, 0.9766557387863193, 0.9955860422163693, 0.991122611163688], [0.997956595744676, 0.9975138897981402, 0.10763376432079823, 0.9961633006001025, 0.998838756137476, 0.998203584288048, 0.6956691271141163, 0.9974016039279825, 0.9980047135842836, 0.9970359138025031, NaN, 0.9962018003273261, 0.9978667757774086, 0.9972764920894656, 0.9809657174031361, 0.9961280196399277, 0.9968967533307533, 0.9995512611563846, 0.9987222351571629, 0.9989726221755152, 0.996191134564653, 0.9938715831134707, 0.9978463441005595], [0.9933593126022846, 0.9541179596290085, 0.9961504746317447, 0.09170307692308723, 0.9961824004364387, 0.956827364975442, 0.9972796890343645, 0.6187056573923075, 0.9934106437534033, 0.9261551282051194, 0.9962018003273261, NaN, 0.9936256192034839, 0.9488176977632126, 0.9984217348608807, 0.5135137152209551, 0.9853268917346009, 0.9981593713620531, 0.9947138533178235, 0.9946310430898696, 0.9664603693931924, 0.9944533377308832, 0.9922829436410483], [0.6753138352428351, 0.9896055482814965, 0.9977063829787176, 0.9932951936715686, 0.8603873486088682, 0.9928491380250893, 0.998604582651389, 0.9941869667212142, 0.6960133933443101, 0.9905872722313068, 0.9978667757774086, 0.9936256192034839, NaN, 0.9889094053464162, 0.9993776759410787, 0.9924802127659469, 0.9934811796662903, 0.9995208123140613, 0.9967977363859852, 0.9976438912243883, 0.9938870976253428, 0.9977115567282371, 0.9857889849979954], [0.9906482596835702, 0.3027196781232656, 0.9970487343153244, 0.9472774358974191, 0.9929259356246526, 0.7829302891435591, 0.9983126568466958, 0.9448053082378467, 0.9909818930714585, 0.7272802454992727, 0.9972764920894656, 0.9488176977632126, 0.9889094053464162, NaN, 0.9997241243862517, 0.9380065084560684, 0.989890867934308, 0.9988134523347588, 0.9965165437847711, 0.9965623883342167, 0.9810239182058387, 0.9965557387862881, 0.9905423030139389], [0.998787430441896, 0.9998011129296238, 0.9799294162574721, 0.9982613420621894, 0.9998203600654667, 0.9995765630114557, 0.9701907965084197, 0.999117839607199, 0.9990087725040897, 0.9988451718494251, 0.9809657174031361, 0.9984217348608807, 0.9993776759410787, 0.9997241243862517, NaN, 0.9984345608292384, 0.9988515327900688, 0.9997337989910756, 0.998494062863799, 0.9992429847609058, 0.9985261213720351, 0.9986347229551487, 0.9987761589404005], [0.9928395799236128, 0.9457072722312992, 0.9958842116748432, 0.49470476813965925, 0.9958679159847211, 0.9551880687397654, 0.9974497217675894, 0.5771847517730805, 0.9932020731041921, 0.9341104691762024, 0.9961280196399277, 0.5135137152209551, 0.9924802127659469, 0.9380065084560684, 0.9984345608292384, NaN, 0.9855775708188043, 0.9982734575087352, 0.9951473936101527, 0.9952567262217658, 0.969067097625377, 0.9945929419525186, 0.9916551155561726], [0.992880507049554, 0.9919446772733301, 0.9968511188720806, 0.9851214978657614, 0.995755633165187, 0.9952307592808269, 0.997748622429186, 0.9903318070107522, 0.9930021989393483, 0.9879207088345837, 0.9968967533307533, 0.9853268917346009, 0.9934811796662903, 0.989890867934308, 0.9988515327900688, 0.9855775708188043, NaN, 0.9653397619971886, 0.929263562281787, 0.9413171965318523, 0.9779353693931769, 0.9941275329815428, 0.991527787538872], [0.9993306816711954, 0.9989579614538893, 0.9995588668994968, 0.9981061311602683, 0.9996653343681292, 0.9992469926270875, 0.9996577415599545, 0.9989960289742615, 0.9993382874143075, 0.9985852929763325, 0.9995512611563846, 0.9981593713620531, 0.9995208123140613, 0.9988134523347588, 0.9997337989910756, 0.9982734575087352, 0.9653397619971886, NaN, 0.5971006079420556, 0.7176316079874029, 0.9979132717678147, 0.999045844327179, 0.9993483443708627], [0.9966913723968513, 0.9971554262061896, 0.9987450523864994, 0.9946530073729265, 0.9982734575087351, 0.9979768335273619, 0.9990264648816477, 0.9966609235545285, 0.9967446125986362, 0.9954440822662113, 0.9987222351571629, 0.9947138533178235, 0.9967977363859852, 0.9965165437847711, 0.998494062863799, 0.9951473936101527, 0.929263562281787, 0.5971006079420556, NaN, 0.4938410273252759, 0.9918933641161126, 0.9976029947229608, 0.996320475739973], [0.9974430110352137, 0.9970645034156659, 0.998988071466109, 0.9945306095638584, 0.998725380977407, 0.9981305701523947, 0.99915801366264, 0.9968945086705271, 0.9974661849711043, 0.9958516552811438, 0.9989726221755152, 0.9946310430898696, 0.9976438912243883, 0.9965623883342167, 0.9992429847609058, 0.9952567262217658, 0.9413171965318523, 0.7176316079874029, 0.4938410273252759, NaN, 0.9936543535620189, 0.9976650263852298, 0.9973377213136969], [0.9935923350923624, 0.9854304089710015, 0.9960282321899833, 0.9655682321900274, 0.9975020712401104, 0.992001306068617, 0.9978511609498733, 0.9826834432717966, 0.9938483245382722, 0.9766557387863193, 0.996191134564653, 0.9664603693931924, 0.9938870976253428, 0.9810239182058387, 0.9985261213720351, 0.969067097625377, 0.9779353693931769, 0.9979132717678147, 0.9918933641161126, 0.9936543535620189, NaN, 0.9933905145118879, 0.9878165157453949], [0.9970910026385288, 0.9971918469657062, 0.9938638390501461, 0.9944145646438121, 0.9986734828496072, 0.9978589313984217, 0.9957566754617513, 0.996741860158319, 0.997153060686022, 0.9955860422163693, 0.9938715831134707, 0.9944533377308832, 0.9977115567282371, 0.9965557387862881, 0.9986347229551487, 0.9945929419525186, 0.9941275329815428, 0.999045844327179, 0.9976029947229608, 0.9976650263852298, 0.9933905145118879, NaN, 0.9966145289904118], [0.9873470333829103, 0.9920762130017722, 0.9977509798621491, 0.9921557913231677, 0.9940388430869127, 0.9957798891742214, 0.9987523043654577, 0.9946115961616541, 0.9878397891607174, 0.991122611163688, 0.9978463441005595, 0.9922829436410483, 0.9857889849979954, 0.9905423030139389, 0.9987761589404005, 0.9916551155561726, 0.991527787538872, 0.9993483443708627, 0.996320475739973, 0.9973377213136969, 0.9878165157453949, 0.9966145289904118, NaN]]}